DMSP 5D-2 F14 (USA 131) 
1 24753U 97012A   20066.48975249 -.00000006  00000-0  20157-4 0  9998
2 24753  99.0280  81.8811 0009576 133.5230 226.6741 14.15885188183898
NOAA 15                 
1 25338U 98030A   20066.49793353  .00000024  00000-0  28694-4 0  9997
2 25338  98.7280  92.0183 0010174 196.4817 163.6033 14.25953543134550
DMSP 5D-3 F15 (USA 147) 
1 25991U 99067A   20066.46291278 -.00000118  00000-0 -36708-4 0  9990
2 25991  98.9571  37.1089 0010580  37.8135  70.2239 14.16494427 45864
METEOSAT-8 (MSG-1)      
1 27509U 02040B   20066.12279664  .00000133  00000-0  00000+0 0  9996
2 27509   6.5439  54.5217 0001032 339.7553 215.5721  1.00271417 64249
DMSP 5D-3 F16 (USA 172) 
1 28054U 03048A   20066.47460446 -.00000095  00000-0 -26961-4 0  9997
2 28054  98.9013  45.9411 0007826 148.3647 321.0141 14.13665740845344
NOAA 18                 
1 28654U 05018A   20066.38089051  .00000082  00000-0  68815-4 0  9999
2 28654  99.0587 121.7804 0014807 158.3567 201.8233 14.12493422762458
METEOSAT-9 (MSG-2)      
1 28912U 05049B   20066.68948126  .00000009  00000-0  00000+0 0  9996
2 28912   4.2069  70.5117 0000519   4.1201 341.6992  1.00270675 52075
HIMAWARI-7 (MTSAT-2)    
1 28937U 06004A   20066.78954087 -.00000253  00000-0  00000+0 0  9991
2 28937   0.0739 296.6010 0002061  26.4491 271.1196  1.00275081 51354
FORMOSAT-3 FM6          
1 29047U 06011A   20066.41299248  .00000062  00000-0  40488-4 0  9999
2 29047  71.9796 320.2989 0052132 240.2178 119.3768 14.28718853726617
FORMOSAT-3 FM1          
1 29048U 06011B   20066.77957005  .00000049  00000-0  35507-4 0  9992
2 29048  71.9650 230.5793 0044475 198.6943 161.2562 14.28683170729142
FORMOSAT-3 FM5          
1 29049U 06011C   20066.36620463  .00000071  00000-0  44361-4 0  9996
2 29049  72.0210  42.4836 0036753 227.4009 132.4026 14.28765800724870
FORMOSAT-3 FM3          
1 29050U 06011D   20066.49490374  .00000077  00000-0  26510-4 0  9990
2 29050  72.0159 198.8389 0049153 153.9328 206.4316 14.58883594741314
FORMOSAT-3 FM4          
1 29051U 06011E   20066.78873156  .00000111  00000-0  58695-4 0  9994
2 29051  72.0054 303.8800 0066603 102.9437 257.9149 14.28795301727526
FORMOSAT-3 FM2          
1 29052U 06011F   20066.30557181  .00000096  00000-0  53767-4 0  9997
2 29052  72.0363  18.7578 0040698 187.8645 172.1859 14.28898013724968
GOES 13                 
1 29155U 06018A   20066.41390295  .00000030  00000-0  00000-0 0  9997
2 29155   0.3958 274.2430 0005449 322.3632 138.3153  1.00268134 20364
METOP-A                 
1 29499U 06044A   20066.37774701  .00000006  00000-0  22069-4 0  9996
2 29499  98.5379 116.6260 0001175 126.4185 244.0101 14.21492077694243
DMSP 5D-3 F17 (USA 191) 
1 29522U 06050A   20066.38846651  .00000029  00000-0  38111-4 0  9995
2 29522  98.8087  84.3028 0011013 109.3027 250.9338 14.14017757688172
FENGYUN 3A              
1 32958U 08026A   20066.44789437 -.00000000  00000-0  19694-4 0  9997
2 32958  98.3991  57.5580 0007561 277.2558  82.7759 14.18619857610222
FENGYUN 2E              
1 33463U 08066A   20066.84970630 -.00000212  00000-0  00000+0 0  9995
2 33463   4.1276  68.7800 0004023 293.9895 194.8593  1.00273174 41092
NOAA 19                 
1 33591U 09005A   20066.44851114  .00000018  00000-0  35356-4 0  9992
2 33591  99.1961  69.1134 0014107   8.8507 351.2910 14.12397839570856
GOES 14                 
1 35491U 09033A   20066.42619036 -.00000104  00000-0  00000+0 0  9997
2 35491   0.0765 102.7793 0009395 133.3627 337.7690  1.00271801 39155
METEOR-M 1              
1 35865U 09049A   20066.66355272  .00000025  00000-0  29850-4 0  9994
2 35865  98.4318  58.1116 0003308 117.5838 242.5677 14.22229149543316
DMSP 5D-3 F18 (USA 210) 
1 35951U 09057A   20066.45365740  .00000049  00000-0  48659-4 0  9991
2 35951  98.6392  59.8383 0010135 306.5380  53.4859 14.13250469535454
GOES 15                 
1 36411U 10008A   20066.44783771  .00000046  00000-0  00000+0 0  9998
2 36411   0.3610 276.8396 0001819 119.3336 161.2394  1.00273763 36670
COMS 1                  
1 36744U 10032A   20066.35545487 -.00000353  00000-0  00000-0 0  9997
2 36744   0.0158 158.3386 0001144 189.6355  72.6532  1.00271248 28089
FENGYUN 3B              
1 37214U 10059A   20066.81552909 -.00000003  00000-0  21840-4 0  9998
2 37214  99.0358  47.0222 0016671 194.3253 165.7450 14.15940695483151
SUOMI NPP               
1 37849U 11061A   20066.22763059 -.00000004  00000-0  18698-4 0  9999
2 37849  98.7280   5.5836 0001066 104.9582  31.6610 14.19544961432972
FENGYUN 2F              
1 38049U 12002A   20066.56752542 -.00000366  00000-0  00000-0 0  9995
2 38049   1.8266  83.5736 0002521  43.3656 353.9421  1.00282428 29890
METEOSAT-10 (MSG-3)     
1 38552U 12035B   20066.33172670  .00000053  00000-0  00000-0 0  9995
2 38552   1.0005   2.3921 0001203 279.5923  11.4447  1.00264228 27882
METOP-B                 
1 38771U 12049A   20066.37585087 -.00000007  00000-0  16801-4 0  9997
2 38771  98.7059 127.1891 0000475  33.2430  59.7076 14.21487129387377
FENGYUN 3C              
1 39260U 13052A   20066.73163155 -.00000019  00000-0  11488-4 0  9993
2 39260  98.5659 121.1473 0011816 146.9612 213.2303 14.15833267334081
METEOR-M 2              
1 40069U 14037A   20066.57591384 -.00000034  00000-0  38289-5 0  9993
2 40069  98.5176 107.9322 0004921 209.2791 150.8116 14.20670436293602
HIMAWARI-8              
1 40267U 14060A   20066.50743872 -.00000285  00000-0  00000+0 0  9995
2 40267   0.0295 141.8746 0000932 199.4266 146.7122  1.00271001 19868
FENGYUN 2G              
1 40367U 14090A   20066.56508281 -.00000311  00000-0  00000-0 0  9999
2 40367   1.8389  96.1346 0003498 329.6605  41.9450  1.00268974 19049
METEOSAT-11 (MSG-4)     
1 40732U 15034A   20066.32989475 -.00000013  00000-0  00000+0 0  9994
2 40732   0.5431 228.1529 0000210  16.2764  38.8359  1.00265965 17030
ELEKTRO-L 2             
1 41105U 15074A   20066.56045931 -.00000107  00000-0  00000-0 0  9994
2 41105   0.9548  99.0456 0001427 293.6910  49.7949  1.00273514 15524
HIMAWARI-9              
1 41836U 16064A   20066.82683319 -.00000285  00000-0  00000+0 0  9998
2 41836   0.0254 265.3537 0001098  75.4358 262.6086  1.00273858 12306
GOES 16                 
1 41866U 16071A   20066.05049286 -.00000256  00000-0  00000+0 0  9991
2 41866   0.0337  79.8933 0000917 296.3613  90.9421  1.00269186 12108
FENGYUN 4A              
1 41882U 16077A   20066.56612964 -.00000339  00000-0  00000-0 0  9993
2 41882   0.1089  83.1592 0004512  23.3722   6.6371  1.00267818 11987
CYGFM05                 
1 41884U 16078A   20066.06166541  .00000311  00000-0  18192-4 0  9990
2 41884  34.9575 342.1713 0016351 204.7427 155.2501 15.14563799178424
CYGFM04                 
1 41885U 16078B   20066.13275057  .00000335  00000-0  19157-4 0  9990
2 41885  34.9506 335.4837 0014829 214.6487 145.3259 15.15072641178494
CYGFM02                 
1 41886U 16078C   20066.45506832  .00000311  00000-0  17927-4 0  9991
2 41886  34.9600 335.1403 0015577 213.7946 146.1773 15.15073435178534
CYGFM01                 
1 41887U 16078D   20066.14938459  .00000317  00000-0  18574-4 0  9997
2 41887  34.9545 342.6043 0016805 206.2933 153.6926 15.14377555178424
CYGFM08                 
1 41888U 16078E   20066.43313617  .00000292  00000-0  17030-4 0  9991
2 41888  34.9512 337.0575 0016067 214.9019 145.0639 15.14790636178490
CYGFM06                 
1 41889U 16078F   20066.43353913  .00000307  00000-0  17736-4 0  9995
2 41889  34.9596 333.9619 0014504 213.6867 146.2923 15.15066740178535
CYGFM07                 
1 41890U 16078G   20066.14835022  .00000319  00000-0  18368-4 0  9996
2 41890  34.9533 334.8756 0014275 214.2378 145.7414 15.15066232178499
CYGFM03                 
1 41891U 16078H   20066.14344981  .00000324  00000-0  18597-4 0  9996
2 41891  34.9562 335.1217 0013745 213.0468 146.9385 15.15062078178490
FENGYUN 3D              
1 43010U 17072A   20066.82656671 -.00000021  00000-0  10984-4 0  9990
2 43010  98.7416   7.3783 0002214  46.4389 313.6973 14.19737313119637
NOAA 20                 
1 43013U 17073A   20066.30718770 -.00000011  00000-0  15729-4 0  9997
2 43013  98.7480   5.8144 0000701  79.4054 280.7201 14.19541225119025
GOES 17                 
1 43226U 18022A   20066.44600575  .00000088  00000-0  00000-0 0  9991
2 43226   0.0253  14.6836 0000655 339.8970 193.3815  1.00272987  7410
FENGYUN 2H              
1 43491U 18050A   20066.58501323 -.00000139  00000-0  00000-0 0  9990
2 43491   0.9018 277.0812 0001555 210.5430 327.0731  1.00271374  6519
METOP-C                 
1 43689U 18087A   20066.46505391 -.00000012  00000-0  14576-4 0  9992
2 43689  98.7122 127.4921 0001002 285.5680  74.5386 14.21484431 68968
GEO-KOMPSAT-2A          
1 43823U 18100A   20066.49904521 -.00000353  00000-0  00000+0 0  9999
2 43823   0.0157 127.3663 0001520 271.8208  73.4167  1.00268954  4668
IOD-1 GEMS              
1 44385U 98067QK  20066.46534033  .00011305  00000-0  15993-3 0  9996
2 44385  51.6403 129.4073 0002895 320.0657  40.0122 15.57033685 38427
METEOR-M2 2             
1 44387U 19038A   20066.75739478 -.00000031  00000-0  54723-5 0  9992
2 44387  98.6068  28.9084 0001815 133.3347 226.7984 14.23676723 34922
